dimwishlist:item=2155534128&perks=1478423395,2985827016,1275731761,1439600632,4232410959

dimwishlist:item=42435996&perks=1478423395,1087426260,3418782618,4049631843,1621842933
dimwishlist:item=42435996&perks=1478423395,1087426260,3418782618,3078487919,1621842933

dimwishlist:item=1175295126&perks=2801223209,3429800428,2652708987,831391274,501821599

dimwishlist:item=2838279629&perks=2801223209,3429800428,2652708987,3891536761,483923727

dimwishlist:item=3431536253&perks=4090651448,3142289711,1583705720,3891536761,2873651103
dimwishlist:item=3431536253&perks=4090651448,3142289711,1583705720,243981275,2873651103
dimwishlist:item=3431536253&perks=4090651448,3142289711,1583705720,1202584452,2873651103
dimwishlist:item=3431536253&perks=4090651448,3142289711,1583705720,4049631843,2873651103
dimwishlist:item=3431536253&perks=839105230,3142289711,1583705720,1202584452,2873651103
// unfall
dimwishlist:item=738446555&perks=1478423395,106909392,1556840489,4049631843,1621842933
dimwishlist:item=738446555&perks=1478423395,106909392,1556840489,3081867624,1621842933

dimwishlist:item=3946054154&perks=4090651448,1087426260,968510818,2890807135,4236235115
dimwishlist:item=3946054154&perks=3661387068,1087426260,968510818,2890807135,4236235115
dimwishlist:item=3946054154&perks=839105230,1087426260,968510818,2890807135,4236235115

dimwishlist:item=3926153598&perks=4090651448,689005463,3987942396,555281244,1621842933

dimwishlist:item=3524386983&perks=1776069409,3603807747,3300816228,2978966579,934928524

dimwishlist:item=2111625436&perks=436053704,52780822,2244851822,3650930298,1621842933
dimwishlist:item=2111625436&perks=436053704,52780822,2590710093,3650930298,1621842933

dimwishlist:item=4090134063&perks=839105230,3142289711,1955165503,124408337,4232410959
dimwishlist:item=4090134063&perks=839105230,3142289711,247725512,124408337,4232410959

dimwishlist:item=471764396&perks=2801223209,2154191829,2652708987,2890807135,2223800157
dimwishlist:item=471764396&perks=2801223209,2154191829,4293542123,2890807135,501821599
// Shoreline Dissident
dimwishlist:item=1193318082&perks=839105230,3142289711,3400784728,555281244,4232410959
// Qua Nilus II
dimwishlist:item=190747610&perks=839105230,3142289711,923806249,831391274,3846229553
